01K.CHRIS
Date  	TS    	HU    	Wind    Press 	 Lat  	 Long
03/18   10      SD      30      1001     40.6   -79.1      1
04/00   20      SD      30      1001     41.0   -78.7      1A
04/06   30      SD      35      997      41.5   -78.0      2
04/12   40      SD      35      995      41.8   -77.9      2A
04/18   45      SS      40      994      42.0   -77.8      3
05/00   60      SS      45      992      42.1   -77.4      3A
05/06   80      SS      45      990      42.0   -76.2      4
05/12   100     40      50      996      41.2   -75.7      4A
05/18   100     60      60      993      40.7   -74.2      5
06/00   100     80      70      990      39.6   -74.9      5A
06/06   100     100     75      987      38.5   -75.2      6
06/12   100     100     80      985      37.5   -76.2      6A
06/18   100     100     80      986      36.7   -78.4      7
07/00   100     100     90      985      35.4   -79.2      7A
07/06   100     100     90      984      35.5   -80.2      8
07/12   100     100     90      984      36.2   -
07/18   100     100     90      987      
08/00   100     100     90      984      
08/06   100     100     100     982      
08/12   100     100     100     980      
08/18   100     100     100     980      38.7   -79.7      
09/00   100     100     110     980      
