01X.GISPASKI
Date  	TS    	HU    	Wind    Press	   Lat	  Long
29/00   04      LO      20      1007	  -5.8    -104.9    1
29/06   04    	LO    	20    	1007	  -5.8	  -105.7    1A
29/12   05    	LO    	20    	1006	  -5.9    -106.8    2
29/18   08    	LO    	25    	1004	  -6.2	  -107.1    2A
30/00   07    	LO    	25    	1005	  -6.3    -108.8    3
30/06   08    	LO    	25    	1004	  -5.8    -109.4    3A
30/12   10    	LO    	25    	1004	  -6.1    -110.7    4
30/18   10    	LO    	25    	1003	  -6.5    -111.5    4A
31/00   09    	LO    	25    	1004	  -6.7    -112.3    5
31/06   03    	LO    	25    	1006	  -6.7    -113.9    5A
31/12   01    	LO    	25    	1007	  -6.4    -114.6    6
31/18   00    	LO    	25    	1004	  -6.1    -115.4    6A
01/00   05    	LO    	25    	1005	  -5.5    -116.1    7
01/06   40    	LO    	25    	1005	  -5.7    -117.3    7A
01/12   44    	00    	25    	1004	  -5.8    -118.5    8
01/18   48    	00    	30    	1003	  -6.0    -119.3    8A
02/00   50    	00    	30    	1003	  -6.2    -120.8    9
02/06   75    	00    	30    	1000	  -6.6    -121.4    9A
02/12   91    	00    	30    	998 	  -6.8    -122.6    10
02/18   71    	00    	35    	996 	  -6.8    -123.4    10A
03/00   50    	00    	30    	998 	  -6.8    -124.9    11
03/06   40    	00    	35    	996 	  -6.9    -125.7    11A
+12     10    	00    	30    	1004 	  -6.9    -126.2    -
+24     07    	00    	25    	1005 	  -7      -127.4    -
+36     09    	EX    	20    	1004 	  -7      -128.9    -
+48     09    	EX    	20    	1004 	  -7.1    -129.4    -
+72     27    	EX    	20    	1003 	  -7.2    -130.7    -
+96     42    	EX    	20    	1001 	  -7.4    -131.5    -
+120    50    	00    	30    	999 	  -7.3    -132.6    -
