02D.ARLENE
Date  	TS    	HU    	Wind    Press 	 Lat  	 Long
13/03   40      LO      25      1005    23.2     162.3    1
13/09   64      02      30      1003    23.2     162.0    1A
13/15   99      45      35      999     23.3     161.9    2
13/21   100     79      45      994     23.6     161.0    2A
+06     100    	95    	55    	989  	  23.3  	 160.7    -
+12     100    	100    	50    	983  	  23.4  	 160.4    -
+18     100    	100    	55    	977   	23.5  	 159.3    -
+24     100    	100    	65    	973   	23.7  	 158.8    -
