03X.BEV
Date  	TS    	HU    	Wind    Press	   Lat	  Long
13/12   10      LO      25      1010	  -13.5  -75.4    1
13/18   10      LO      25      1009	  -13.3  -75.0    1A
14/00   20      LO      25      1007	  -12.7  -74.7    2
14/06   40      LO      30      1005	  -12.3  -74.4    2A
14/12   50      LO      30      1004	  -11.9  -75.9    3
14/18   60      LO      35      1002	  -12.2  -76.7    3A
15/00   70      00      35      1000	  -12.4  -77.1    4
15/06   60      00      35      1000	  -12.6  -77.5    4A
15/12   80      10      35      1000	  -12.5  -77.7    5
15/18   100     30      40      996 	  -12.4  -77.8    5A
16/00   100     55      40      996 	  -12.2  -77.6    6
16/06   100     65      40      996 	  -13.1  -77.1    6A
+12     100     00      40      994 	  -13.4  -76.9
+24     100     00      45      991 	  -13.7  -76.5
+48     100     00      45      992  	  -13.9  -76.3
+72     100     00      45      992 	  -14.4  -76.0
+96     100     00      45      991 	  -15.0  -75.8
