04D.CHANTAL
Date  	TS    	HU    	Wind    Press 	 Lat  	 Long
17/21   60      SD      35      1000     26.2    149.5    2 
18/03   85      SS      40      997      25.7    150.0    2A
18/09   100     SS      50      991      25.2    150.5
+6      100     SS      60      985      24.7    151.0
+12     100     SS      65      982      24.2    151.5
+18     100     SS      70      978      23.7    152.0
+24     100     70      75      975      23.2    152.5
+30     100     80      90      969      23.0    153.0
+36     100     100    100      962      23.0    153.5
+42     100     100    105      959      23.0    154.0
+48     100     100    110      955      23.0    154.5
