06D.EMILY
Date  	TS    	HU    	Wind    Press 	 Lat  	 Long
25/21   100     40      45      999      15.2    115.6     1
26/03   100     60      60      994      16.2    116.5     2
26/09   100     80      75      988      16.9    118.5     3
26/15   100     99      90      983      17.4    120.1     1
+12     X        X      95      977      18.0    120.5
+24     X        X      100     973      19.0    120.9
+36     X        X      105     969      20.0    121.3
+48     X        X      100     974      21.0    121.7    
