06G.STEVE
	TS	HU	Wind	Press	Lat	Long	
02/06	86	09	45	997	7	-99.7	7A
02/12	86	09	45	997	7.3	-100.2  8
02/18   88      15      45      997     7.7     -100.7  8A
03/00   90      25      45      995     7.9     -101.1  9
03/06   92      27      45      994     8.3     -101.3  9A
03/12   94      29      50      991     8.7     -101.4  10
03/18	99	30	45	995	8.7	-101.7	10A
04/00	100	33	45	993	8.7	-101.6	11
04/06	100	47	50	990	9.7	-102.2	11A
04/12	100	75	55	987	10.3	-102.5	12
04/18	100	98	60	986	11	-103.3	12A
05/00	100	100	65	985	12.1	-103.6	13
05/06	99	90	65	985	12.8	-104.4	13A
05/12	93	80	60	986     13.5	-104.8	14
05/18	80	71	55	988     13.9	-105.3	14A
06/00	74	63	50	990     14.5	-105.5	15
06/06	61	50	50	990     14.8	-105.6	15A
06/12	48	33	45	993     15	-105.6	16
+12	00px	x	45	993	15.7	-104.6	-
+24	00px	x	45	994	16.3	-104.2	-
+36	00px	x	45	997	17	-103.5	-
+48	00px	x	40	999	17.9	-102.3	-
+72	00px	x	40	1000	18.3	-102.6	-
+96	00px	x	40	1000	19.2	-102.4	-
+120	00px	x	40	1001    19.7	-102.8	-
