07D.FREDDIE
Date  	TS    	HU    	Wind    Press 	 Lat  	 Long
02/00   45      15       35     1001     11.0    119.7  1 
02/06   75      25       40      998     11.0    120.2  1A  
02/12   100     35       45      995     11.0    120.7  2
02/18   100     45       50      992     11.4    122.9  2A  
03/00   100     55       55      989     12.1    125.0  3
03/06   100     65       50      992     13.2    126.9  3A
03/12   100     60       55      989     14.4    128.7  4  
03/18   100     60       55      988     15.9    130.4  4A
04/00   100     55       60      986     17.3    132.0  5
+12     X       X        65      983     20.4    135.2
+24     X       X        65      982     23.5    138.5
+36     X       X        35      994     26.6    141.9
+48     X       X        20      1000    29.6    145.4
