08D.GLORIA
Date  	TS    	HU    	Wind    Press 	 Lat  	 Long
07/00   65      30      30      1008     20.2    172.4   3A
07/06   97      40      35      1006     20.3    171.9   4 
07/12   98      45      40      1004     20.4    171.4   4A
07/18   100     50      45      1002     20.5    171.0   5
08/00   100     55      50      1000     20.5    170.5   5A
08/06   100     55      55       996     20.6    170.0   6
08/12   100     60      60       992     20.6    169.6   6A
08/18   100     75      65       989     20.7    169.2   7
09/00   100     90      70       986     20.7    168.7   7A
09/06   100     90      75       983     20.8    168.3   8
09/12   100     100     80       980     20.8    167.8   8A
+12     X       X       90       974     20.9    166.9
+24     X       X       100      968     21.0    166.0
+36     X       X       110      962     21.1    165.1
+48     X       X       120      956     21.2    164.2
+72     X       X       145      934     21.3    162.4
+96     X       X       150      926     21.5    160.6
+120    X       X       160      920     21.7    158.8
