08H.EIGHT-H
Date  	TS    	HU    	Wind    Press 	 Lat  	 Long
10/03   57      00      30      1004    22.0      2.6    1
10/09   69      37      30      1003    22.1      2.8    1A
+12     08    	00    	35    	1000  	22.3  	  3.2    -
+24     12    	00    	40    	 997  	22.8  	  3.7    -
+36     15    	00    	60    	 991  	23.5  	  4.2    -    
+48     15    	00    	75    	 984  	24.5  	  4.5    -
+60     17    	00    	80    	 980  	25.6  	  5.2    -
+72     18    	00    	80    	 980  	27.1  	  5.6    -
