09D.HAROLD
Date  	TS    	HU    	Wind    Press 	 Lat  	 Long
07/12   95      65      30      1000     48.6    162.1  6 
07/18   97      65      35      998      48.7    162.2  6A
08/00   100     65      40      997      48.8    162.3  7
08/06   100     65      40      996      48.9    162.4  7A
08/12   100     70      45      995      49.0    162.5  8 
08/18   100     75      45      994      49.1    162.6  8A
09/00   100     60      50      992      49.2    162.7  9
09/06                                    49.3    162.6  10
09/12                                    49.4    162.5
09/18                                    49.5    162.6
10/00                                    49.6    162.7
10/06                                    49.8    163.0
10/12                                    50.0    163.3
10/18                                    50.4    163.9
11/00                                    50.8    164.5
11/06                                    51.2    165.1
11/12                                    51.6    165.7
+12    
+24
+36
+48
+72
+96
+120
