09G.NINE-G
Date  	TS    	HU    	Wind    Press 	 Lat  	 Long
18/06   03      00      20      1006     6.4     -92.3    1
18/12   26      06      25      1004     6.6     -92.9    1A
18/18   53      11      30      1003     6.8     -93.5    2
+12     63    	28    	30    	1000  	 6.8  	 -93.6      -
+24     61    	37    	35    	999   	 6.8  	 -93.8    -
+36     47    	35    	30    	1001  	 7  	 -94.4    -
+48     100    	BE    	20    	1005  	 7.5  	 -95.3    -
+60     100    	EX    	15    	1007 	 8.7  	 -96.7    -
+72     100    	EX    	10    	1010  	 9.9  	 -97.9    -
