09N.ISAAC
Date  	TS    	HU    	Wind    Press 	 Lat  	 Long
23/18   90      SD      30      995     35.5     72.4     1
24/00   100     SS      50      990     36.2     73.6     2
24/06   100     40      80      985     37.2     79.6     3
+12     100     60      80      983     40.4     80.5     -
+24     100     70      90      982     42.7     82.6     -
+48     100     80      90      975     45.6     85.6     -
+72     100     100     100     965     48.3     88.5     -
+96     100     100     90      962     50.5     90.6     -
+120    100     100     90      960     52.4     100.5    -
