10D.IDA
Date  	TS    	HU    	Wind    Press 	 Lat  	 Long
12/00   75      20      35      1001     23.8    175.2  3 
12/06   90      30      35      999      24.1    175.0  3A
12/12   90      40      40      997      24.4    174.8  4
12/18   95      40      45      995      24.7    174.6  4A
13/00   100     45      50      993      25.0    174.4  5
13/06   100     55      55      991      25.3    174.2  5A
13/12   100     70      60      989      25.6    174.0  6
+12     X       X       70      985      26.2    173.6
+24     X       X       80      981      26.8    173.6
+36     X       LO      90      975      27.4    173.6
+48     X       X       100     969      28.0    173.8
+72     X       X       95      974      29.2    174.2
+96     X       X       90      979      29.8    174.6
+120    X       X       85      982      30.0    175.5
