11D.JOHN
Date  	TS    	HU    	Wind    Press 	 Lat  	 Long
12/12   80      40      35      1001     5.4     128.6  5
12/18   90      45      35      1000     5.4     128.5  5A
13/00   100     55      40      999      5.4     128.4  6
13/06   100     65      40      997      5.4     128.2  6A
13/12   100     65      45      995      5.4     128.0  7
13/18   100     65      45      993      5.4     127.5  7A
14/00   100     65      50      991      5.4     127.0  8
14/06   100     65      50      989      5.4     126.5  8A
14/12   100     70      55      987      5.4     126.0  9
14/18   100     80      60      985      5.4     125.5  9A
15/00   100     90      65      983      5.4     125.0  10
15/06   100     95      70      981      5.4     124.5  10A
15/12   100     100     75      979      5.4     124.0  11
15/18   100     100     80      977      5.4     123.5  11A
16/00   100     100     85      975      5.4     123.0  12
16/06   100     100     90      973      5.7     122.5  12A
16/12   100     100     95      971      6.0     122.0  13
+12     X       X       105     965      6.6     121.0
+24     X       X       115     962      7.2     120.0      
+36     X       X       125     955      7.8     119.4
+48     X       X       135     948      8.4     119.1
+72     X       X       140     943      9.6     117.9
+96     X       X       145     935      10.8    116.8
+120    X       X       150     933      12.0    116.4
