11H.JIURIT
	TS	HU	Wind	Press	Lat	Lon	
18/15 	99	96	35	1000	10.1	49.4	1
18/21 	99  	99  	60	987	12.0	48.3	1A
19/03	99	99	80	974	14.0	46.9	2
19/09	99	99	90	963	16.1	46.3	2A
19/15	99	99	100	956	17.8	45.1	3
19/21   99	99	105	950	19.7	44.6	3A
20/03	99	99	105	950	21.3	44.9	4
20/09	99	99	100	950	22.5	45.2	4A
20/15	99	94	100	952	23.2	46.3	5
20/21	99	93	105	948	23.9	47.4	5A	
21/03	99	87	100	948	24.6	48.5	6
21/09	99	85	100	947	25.0	49.2	6A
21/15	99	82	100	947	25.2	49.6	7
21/18	99	79	100	947	25.3	49.8	7A
22/03	99	77	100	946	25.5	49.9	8
22/09	99	74	100	947	26.3	50.0	8A	
22/15	99	71	85	954	26.7	49.9	9
+12	99	64	75	960	27.4	49.6	-
+24	99	55	65	967	29.0	49.3	-
+36	99	47	60	975	30.2	49.7	-
+48	97	EX	50	980	32.2	49.7	-
+60	84	EX	50	984	34.0	50.1	-
+72	77	EX	45	989	35.4	49.2	-
