12H.WANNY
Date  	TS    	HU    	Wind    Press 	 Lat  	 Long
26/09   12      00      35      1005    26.6    158.0   1
26/15   09      00      35      1005    26.7    158.0   1A
26/21   09      00      30      1007    27.7    158.2   2
27/03   31      00      35      1003    28.6    157.9   2A
27/09   26      00      35      1005    28.9    157.6   3
27/15   58      00      35      1002    29.0    157.4   3A
27/21   99      03      40      1000    29.1    156.5   4
28/03   99      02      40      1000    29.1    156.4   4A
