12N.LYDIA
Date  	TS    	HU    	Wind    Press 	 Lat  	 Long
29/12   40      01      40      1008     16.7    109.6      1
29/18   40      01      60      999      18.7    110.6      2
+12     60      10      80      985      18.5    111.8      -
+24     80      30      100     972      21.8    114.6      -
+48     100     40      120     946      27.4    117.5      -
+72     100     70      140     930      30.6    120.8      -
+96     100     90      175     915      37.5    123.6      -
+120    100     99      185     900      45.6    119.7      -
