13G.THIRTEEN-G
Date  	TS    	HU    	Wind    Press 	 Lat  	 Long
05/21   84      27      30      1002     4.7    -131.6  1
06/03   84      27      30      1003     4.6    -132.4  1A
06/09   84      27      30      1004     4.6    -132.8  2
06/15   84      27      30      1004     4.6    -132.9  2A
06/21   84      27      30      1004     4.6    -133.0  3
07/03   84      27      30      1001     4.7    -132.8  3A
07/09   84      27      40       999     4.8    -132.4  4
07/15   84      27      40       997     4.8    -132.2  4A
