13N.MICHAEL
Date  	TS    	HU    	Wind    Press 	 Lat  	 Long
02/12   90      40      45      993      13.4    65.2     1
02/18   100     60      60      990      14.7    67.5     2
03/00   100     80      90      989      16.8    68.8     3
+12     100     60      110     967      18.7    69.7     -
+24     100     80      140     956      19.6    71.5     -
+48     100     100     160     922      19.8    73.6     -
+72     100     100     180     900      20.6    76.7     -
+96     100     100     195     870      21.6    77.8     -
+120    100     100     195     870      22.6    80.5     -
