14D.MARIE
Date  	TS    	HU    	Wind    Press 	 Lat  	 Long
04/06   50      LO      35      1008     27.9    147.5  1
04/12   55      15      35      1007     28.0    148.0  1A
04/18   55      15      35      1006     28.2    148.5  2
05/00   55      15      35      1006     28.4    149.0  2A
05/06   60      20      35      1005     28.7    149.5  3
05/12   65      25      40      1005     29.0    150.0  3A
05/18   60      25      40      1004     29.4    150.5  4
06/00   55      30      40      1004     29.8    150.9  4A 
06/06   50      25      40      1003     30.3    151.4  5 
06/12   45      25      45      1003     30.8    151.8  5A
+12     X       X       45      1002     32.1    152.7  
+24     X       X       50      1001     33.4    153.6  
+36     X       X       50      1000     35.2    154.5 
+48     X       X       55      999      37.2    155.4    
+72     X       EX      35      997      41.8    157.2
