14H.FOURTEEN-H
Date  	TS    	HU    	Wind    Press 	 Lat  	 Long
04/18   20      10      30      1007     11.8    81.2      1
05/00   30      20      35      1006     12.2    81.8      2
05/06   40      30      40      1002     12.3    82.5      3
05/12   60      42      45      999      12.5    83.7      4
05/15   70      60      65      980      12.8    84.2      5
+12     80    	70    	80    	974   	 13.2    85.7      -
+24     90    	80    	100    	943  	   14.9    85.8      -
+48     99    	85    	110    	930    	 15.2    86.2      -
+72     99    	90    	150    	910    	 17.3    86.4      -
+96     100    	90    	160    	900    	 18.3    87.0      -
+120    100    	94    	175    	885    	 19.7    88.3      -
