15D.FIFTEEN
Date  	TS    	HU    	Wind    Press 	 Lat  	 Long
04/12   10      LO      30      1009     22.5    153.0  1
05/00   15      LO      30      1008     22.5    153.2  2
05/12   20      LO      30      1008     22.6    153.4  3
06/00   30      LO      30      1007     22.8    153.7  4 
06/12   40      LO      30      1006     23.0    154.0  5
07/00   50      LO      30      1006     23.4    154.6  6 
07/12   60      LO      35      1004     23.8    155.2  7
08/00   70      LO      35      1003     24.2    155.8  8
08/12   80      LO      35      1002     24.6    156.4  9
09/00   90      10      35      1001     25.0    157.0  10
09/06   95      10      35      1000     25.4    158.6  10A     
09/12   95      10      35      999      25.8    160.2  11
+12     X       X       40      996      26.2    161.4  
+24     X       X       40      995      26.6    162.6
+36     X       X       35      999      27.0    163.8
+48     X       EX      20      1005     27.6    165.0
