15G.FIFTEEN-G
Date  	TS    	HU    	Wind    Press 	 Lat  	 Long
18/21   99      80      35      1003    20.3    -12.3    1
19/03   99      74      45      999     20.4    -13.3    1A
+12     08    	00    	40    	999   	20.7  	-15.4    -
+24     12    	00    	50    	995   	20.7  	-17.5    -
+36     15    	00    	60    	990   	20.7  	-19.6    -
+48     17    	00    	100    	985   	20.7  	-21.7    -
+72     18    	00    	100    	988   	22.1  	-25.7    -
+96     17    	00    	100    	983   	25.2  	-29.7    -
+120    17    	00    	60    	987   	30.0  	-32.9    -
