15N.NANCY
Date  	TS    	HU    	Wind    Press 	 Lat  	 Long
05/12   100     60      35      1000     24.6    101.3     1
05/18   100     60      45      995      25.2    103.1     2      
+12     100     60      60      992      27.7    106.2     -
+24     100     60      60      989      29.4    108.6     -
+48     100     50      50      993      31.5    110.2     -
+72     100     50      50      999      32.5    111.6     -
+96     100     50      50      1000     34.2    112.7     -
+120    90      30      45      1004     36.5    111.9     -
