18D.QUINCY
Date  	TS    	HU    	Wind    Press 	 Lat  	 Long
17/12   50      LO      30      1005     22.3    161.2  1
18/00   70      LO      30      1004     22.5    161.0  2
18/12   90      LO      35      1003     22.6    160.8  3
19/00   95      10      35      1000     22.8    160.2  4
19/06   95      10      40      998      22.9    159.9  4A  
19/12   95      10      40      996      23.0    159.6  5
19/18   95      15      40      994      23.1    159.2  5A
20/00   95      15      45      992      23.2    158.8  6
20/06   85      10      45      990      23.4    158.4  6A
20/12   80      10      50      988      23.5    158.2  7
20/18   75      5       50      986      23.7    158.0  7A
21/00   65      5       55      984      23.9    158.0  8
21/06   60      0       50      987      24.6    158.2  8A
21/12   55      0       45      993      25.4    158.4  9
21/18   45      0       45      995      25.8    158.6  9A
22/00   30      0       40      996      26.2    158.8  10
22/06   15      0       40      998      26.6    159.0  10A
22/12   0       0       35      999      27.0    159.2  11   
+12     X       BE      30      1000     28.0    160.5  
+24     X       EX      25      1002     29.0    162.0  
