19D.RICHARD
Date  	TS    	HU    	Wind    Press 	 Lat  	 Long
17/12   30      LO      30      1009     11.4    125.3  1
18/00   40      LO      35      1006     11.4    125.1  2
18/12   50      LO      35      1004     11.5    124.9  3
19/00   60      5       35      1003     11.6    124.7  4
19/06   70      0       35      1005     11.7    124.6  4A
19/12   70      0       35      1004     11.7    124.4  5
19/18   70      5       30      1007     12.0    124.3  5A  
20/00   75      5       35      1005     12.3    124.2  6  
20/06   75      5       35      1004     12.7    124.1  6A
20/12   80      10      40      1002     12.9    123.9  7
20/18   80      10      45      999      13.4    123.7  7A
21/00   85      10      50      996      14.0    123.5  8
21/06   90      10      50      994      14.4    123.4  8A  
21/12   95      10      55      995      15.0    123.2  9
+12     X       X       60      992      16.0    123.2  
+24     X       X       60      989      17.0    123.2  
+36     X       X       65      987      18.0    123.2
+48     X       X       65      985      19.0    123.2
+72     X       X       70      983      21.0    124.0
+96     X       X       60      988      23.0    124.8
+120    X       X       50      994      24.5    125.6
