20D.SARAH
Date  	TS    	HU    	Wind    Press 	 Lat  	 Long
23/12   15      LO      20      1015     22.7    165.3  1
24/00   30      LO      25      1014     22.9    164.9  2
24/12   45      LO      25      1013     23.1    164.6  3
25/00   60      LO      30      1012     23.2    164.4  4
25/12   75      LO      30      1011     23.1    164.0  5   
26/00   90      LO      30      1010     22.9    163.6  6
26/12   95      5       35      1009     22.7    163.2  7
26/18   90      5       35      1008     22.6    163.0  7A
27/00   95      5       35      1006     22.5    162.6  8  
27/06   95      5       35      1004     22.4    162.2  8A
27/12   99      5       40      1003     22.3    161.9  9
27/18   99      10      40      1002     22.3    161.6  9A
28/00   99      10      40      1002     22.2    161.2  10
28/06   45      0       35      1004     22.2    160.8  10A
28/12   40      0       35      1005     22.1    160.4  11
28/18   35      0       35      1006     22.1    160.0  11A
29/00   30      0       35      1006     22.0    159.6  12
29/06   25      0       35      1007     22.0    159.2  12A
29/12   20      0       35      1006     21.9    158.8  13
29/18   20      0       35      1006     21.9    158.4  13A
30/00   20      0       35      1006     21.8    158.0  14
30/06   20      0       35      1005     21.8    157.6  14A
30/12   25      0       40      1004     21.7    157.2  15
30/18   40      0       45      1002     21.7    156.8  15A
31/00   60      5       50      1000     21.6    156.4  16  
31/06   80      5       60      995      21.5    156.2  16A
31/12   90      10      70      990      21.2    156.0  17
31/18   95      15      75      987      21.1    155.8  17A
00/00   100     20      80      984      20.9    155.6  18
00/06   100     30      85      981      20.8    155.4  18A  
00/12   100     40      90      978      20.6    155.2  19
+12     X       X       100     969      20.2    155.0
+24     X       X       110     962      19.8    155.5
+36     X       X       115     958      20.2    156.0
+48     X       X       120     954      20.6    156.5
+72     X       X       120     954      21.4    157.5
+96     X       X       115     957      22.8    158.0
+120    X       X       105     960      25.2    158.2
