20G.HARRIETT
Date  	TS    	HU    	Wind    Press 	 Lat  	 Long
29/00   02      00      40      1009     0.5      23.7    1
29/06   02      00      40      1009     0.5      22.9    1A
29/12   02      00      40      1010     0.6      22.0    2
29/18   02      00      40      1008     0.6      21.2    2A
30/00   02      00      35      1010     0.7      20.4    3
+12     08    	00      35    	1011  	 0.8  	  18.8    -
+24     12    	00      35    	1012  	 0.9  	  17.2    -
+36     15    	00      35    	1013  	 1.1  	  15.7    -
+48     17    	00      35    	1013  	 1.4  	  14.2    -
+60     18    	00      40    	1013  	 1.8  	  12.8    -
+72     18    	00      40    	1008  	 2.3  	  11.4    -
