21D.TIM
Date  	TS    	HU    	Wind    Press 	 Lat  	 Long
13/12   30      LO      25      1009     25.5    163.5  1
14/00   40      LO      30      1008     26.1    164.0  2         
14/12   60      LO      30      1007     26.5    164.7  3
15/00   80      LO      35      1006     26.7    165.5  4
15/12   95      SD      35      1005     26.9    166.3  5
15/18   97      SD      35      1004     26.9    166.7  5A
16/00   99      SD      35      1003     27.0    167.1  6
16/06   100     SS      40      1002     27.0    167.6  6A
16/12   100     SS      40      1001     27.1    168.1  7
16/18   100     SS      45      1000     27.1    169.0  7A
17/00   100     SS      45      999      27.2    169.9  8
17/06   100     20      50      998      27.3    170.8  8A
17/12   100     40      55      995      27.4    171.7  9
17/18   100     55      60      994      27.8    172.2  9A
18/00   100     55      65      992      28.1    173.2  10
18/06   95      40      70      991      28.4    174.0  10A
18/12   90      X       75      990      28.8    174.7  11
+12     X       X       70      993      29.6    175.7
+24     X       X       65      996      30.3    176.6
+36     x       x       60      997      31.4    177.4
+48     X       EX      55      999      32.4    178.2
