34N.THETA
Date  	TS    	HU    	Wind    Press	    Lat	  Long
29/18   100     20      35      1002      11.4  90.4    1
30/00   100     40      40      1000      11.6  90.8    2
30/06   100     70      50      999       12.0  91.3    3
30/12   90      40      50      995       12.6  93.0    4
30/18   60      10      45      996       13.1  93.7    5
01/00   40      00      40      998       14.0  94.5    6
01/06   20      00      35      999       15.6  94.5    7
01/12   10      00      35      1000      16.6  94.1    8
+12     X       X       30      1010      17.0  92.4    -
+24     X       X       20      1015      19.0  89.4    -
