01T.AMY
Date  	TS    	HU    	Wind    Press 	 Lat  	 Long
12/00   20      LO      30      1006    -3.2    53.1   1
12/06   30      LO      30      1005    -3.4    52.9   1A
12/12   20      LO      25      1006    -3.5    52.7   2
12/18   40      LO      30      1007    -3.6    52.4   2A
13/00   60      LO      30      1007    -3.7    52.0   3
13/06   60      LO      30      1006    -3.8    51.5   3A
13/12   70      LO      30      1005    -4.0    51.1   4
13/18   80      LO      35      1004    -4.1    50.7   4A
14/00   80      20      35      1003    -4.2    50.3   5
14/06   80      20      60      1001    -4.3    49.7   5A
14/12   90      40      45      999     -4.5    49.1   6
14/18   100     50      60      995     -4.9    48.4   6A
15/00   100     70      70      991     -5.3    47.8   7
15/06   100     80      75      989     -5.6    47.5   7A
15/12   100     90      80      986     -6.0    47.2   8
15/18   100     100     90      980     -6.5    46.8   8A
16/00   100     100     100     976     -7.0    46.4   9
16/06   100     100     115     963     -7.6    46.0   9A
16/12   100     100     120     959     -8.1    45.7   10
16/18   100     100     145     942     -8.7    45.4   10A
17/00   100     100     150     937     -9.5    45.2   11
17/06   100     100     150     936     -10.4   45.0   11A
17/12   100     100     155     931     -11.4   44.9   12
17/18   100     100     160     928     -12.4   44.7   12A
18/00   100     100     155     928     -13.4   44.5   13
18/06   100     100     155     930     -14.2   44.4   13A
18/12   100     100     145     935     -14.9   44.4   14
18/18   100     100     130     941     -15.8   44.4   14A
+12     100    	100    	120    	     	  -17.8   44.7   -
+24     100    	100    	105    	     	  -19.9   48.4   -
+36     100    	100    	80     	     	  -21.2   49.9   -
+48     100    	100    	60     	     	  -22.1   50.5   -
+72     100    	100    	50    	     	  -24.6   51.1   -
