01X.GISPASKI
Date  	TS    	HU    	Wind    Press	   Lat	  Long
29/00   04      LO      20      1007	  -5.8    -104.9    1
29/06   04    	LO    	20    	1007	  -5.8	  -105.7    1A
29/12   05    	LO    	20    	1006	  -5.9    -106.8    2
29/18   08    	LO    	25    	1004	  -6.2	  -107.1    2A
30/00   07    	LO    	25    	1005	  -6.3    -108.8    3
30/06   08    	LO    	25    	1004	  -5.8    -109.4    3A
30/12   10    	LO    	25    	1004	  -6.1    -110.7    4
30/18   10    	LO    	25    	1003	  -6.5    -111.5    4A
31/00   09    	LO    	25    	1004	  -6.7    -112.3    5
31/06   03    	LO    	25    	1006	  -6.7    -113.9    5A
31/12   01    	LO    	25    	1007	  -6.4    -114.6    6
31/18   00    	LO    	25    	1004	  -6.1    -115.4    6A
01/00   05    	LO    	25    	1005	  -5.5    -116.1    7
01/06   40    	LO    	25    	1005	  -5.7    -117.3    7A
01/12   44    	00    	25    	1004	  -5.8    -118.5    8
01/18   48    	00    	30    	1003	  -6.0    -119.3    8A
02/00   50    	00    	35    	1003	  -6.2    -120.8    9
02/06   75    	00    	35    	1000	  -6.6    -121.4    9A
02/12   91    	01    	35    	998 	  -6.8    -122.6    10
02/18   71    	06    	40    	996 	  -6.8    -123.4    10A
03/00   50    	10    	40    	994 	  -6.8    -124.9    11
03/06   40    	18    	45    	993 	  -6.9    -125.7    11A
03/12   10    	05    	40    	997 	  -6.9    -126.2    12
03/18   07    	00    	35    	1000 	  -7      -127.4    12A
04/00   09    	00    	30    	1003 	  -7      -128.9    13
04/06   09    	00    	25    	1004 	  -7.1    -129.4    13A
04/12   27    	00    	30    	1003 	  -7.2    -130.7    14
04/18   42    	09    	30    	1001 	  -7.4    -131.5    14A
05/00   50    	20    	35    	999 	  -7.3    -132.6    15
05/06   60    	31    	40    	998 	  -7.3    -133.8    15A
05/12   80    	48    	40    	997 	  -7.2    -134.5    16
05/18   100    	54    	40    	996 	  -7.1    -135.3    16A
06/00   100    	68    	45    	994 	  -7.0    -135.9    17
06/06   100    	75    	50    	994 	  -6.8    -136.5    17A
06/12   100    	82    	55    	992 	  -6.6    -137.3    18
06/18   100    	100    	55    	989 	  -6.4    -138.4    18A
07/00   100    	100    	60    	987 	  -6.2    -139.8    19
07/06   100    	100    	60    	985 	  -6.1    -140.3    19A
07/12   100    	100    	65    	981 	  -6.1    -141.3    20
07/18   100    	100    	75    	977 	  -5.9    -142.9    20A
08/00   100    	100    	75    	975 	  -5.6    -143.7    21
08/06   100    	100    	75    	972 	  -5.5    -144.4    21A
08/12   100    	100    	75    	970 	  -5.3    -146.2    22
08/18   100    	100    	80    	967 	  -5.1    -148.3    22A
09/00   100    	100    	85    	964 	  -4.7    -149.6    23
09/06   100    	100    	95    	960 	  -4.5    -150.8    23A
09/12   100    	100    	100    	958 	  -4.2    -151.4    24
09/18   100    	100    	100    	955 	  -4.0    -151.9    24A
10/00   100    	100    	110    	947 	  -4.0    -152.8    25
10/06   100    	100    	115    	941 	  -4.0    -152.8    25A
10/12   100    	100    	100    	955 	  -3.9    -154.4    26
10/12   100    	99    	75    	972 	  -3.9    -156.4    26A
10/18   100    	77    	55    	989 	  -3.8    -157.7    27
11/00   98    	50    	55    	989 	  -3.8    -158.3    27A
11/06   68    	20    	45    	994 	  -3.6    -159.2    28
11/12   44    	EX    	35    	999 	  -3.8    -159.7    28A
