04X.CEDRIC
Date  	TS    	HU    	Wind    Press	   Lat	  Long
14/12   00      LO      20      1008	  -23.1  -131.4    1
14/18   10      LO      30      1004	  -23.3  -131.7    1A
15/00   20      00      35      1003	  -23.5  -132.0    2
15/06   40      00      35      1002	  -23.8  -132.2    2A
15/12   50      05      35      1001	  -23.9  -132.3    3
15/18   60      00      35      1002	  -24.0  -132.5    3A
16/00   70      00      30      1004	  -24.0  -132.8    4
16/06   40      00      25      1007	  -24.1  -133.3    4A
16/12   10      00      20      1009	  -24.3  -133.6    5
16/18   00      00      15      1011	  -24.5  -133.8    5A
