05H.JIURIT
	TS	HU	Wind	Press	Lat	Lon	
18/15 	99	96	35	1000	10.1	49.4	1
18/21 	99  	99  	60	987	12.0	48.3	1A
19/03	99	99	80	974	14.0	46.9	2
19/09	99	99	90	963	16.1	46.3	2A
19/15	99	99	100	956	17.8	45.1	3
19/21   99	99	105	950	19.7	44.6	3A
20/03	99	99	105	950	21.3	44.9	4
20/09	99	99	100	950	22.5	45.2	4A
20/15	99	94	100	952	23.2	46.3	5
20/21	99	93	105	948	23.9	47.4	5A	
21/03	99	87	100	948	24.6	48.5	6
21/09	99	85	100	947	25.0	49.2	6A
21/15	99	82	100	947	25.2	49.6	7
21/18	99	79	100	947	25.3	49.8	7A
22/03	99	77	100	946	25.5	49.9	8
22/09	99	74	100	947	26.3	50.0	8A	
22/15	99	71	85	954	26.7	49.9	9
22/21 	99	67	75	963	27.0	50.1	9A
23/03	96	54	65	978	27.5	49.7	10
23/09	91	EX	55	985	28.0	50.1	10A
23/15	83	EX	50	985	28.4	50.3	11
23/21	74	EX	60	981	29.0	50.2	11A
24/03	64	EX	50	985	29.5	49.9	12
24/09	53	EX	45	988	29.9	49.5	12A
24/15	12	EX	40	992	30.3	49.1	13
24/21	00	EX	35	996	30.7	48.6	13A
