/// ABBREVIATION_OF_MODEL - FULL_NAME_OF_MODEL ///
:> COLOR_OF_YOUR_MODEL (EXAMPLE: #FF0000 OR red)
Date      Lat      Long
:> 50X.TEST
+12       0.0        0.0
+24       0.0        0.0
+36       0.0        0.0
+48       0.0        0.0
+72       0.0        0.0
+96       0.0        0.0
+120      0.0        0.0
+144      0.0        0.0
+168      0.0        0.0
+192      0.0        0.0
+216      0.0        0.0
+240      0.0        0.0
+264      0.0        0.0
+288      0.0        0.0
+312      0.0        0.0
+336      0.0        0.0
+360      0.0        0.0
:> 51X.TEST
+12       0.0        0.0
+24       0.0        0.0
+36       0.0        0.0
+48       0.0        0.0
+72       0.0        0.0
+96       0.0        0.0
+120      0.0        0.0
+144      0.0        0.0
+168      0.0        0.0
+192      0.0        0.0
+216      0.0        0.0
+240      0.0        0.0
+264      0.0        0.0
+288      0.0        0.0
+312      0.0        0.0
+336      0.0        0.0
+360      0.0        0.0
:> END
