/// BFPOS - BIG FORECASTING POSITIONING AND ORGANIZATION MODEL ///
:> #FFCC99
Date      Lat      Long
:> 10N.JANINE
+12       31.6       60.8
+24       32.5       54.8
+36       33.8       48.9
+48       33.8       42.8
+72       29.4       31.8
+96       24.9       21.0
+120      20.5       10.8
+144      21.4       -0.3
+168      22.3      -11.4
+192      23.2      -22.6
+216      26.8      -33.3
+240      34.7      -41.0
:> 12N.LYDIA
+12       40.4       98.1
+24       44.7       99.7
+36       49.0       101.4
+48       52.7       105.3
+72       60.1       114.7
:> 13N.MICHAEL
+12       25.3       76.0
+24       27.0       81.1
+36       28.6       86.1
+48       29.8       91.4
+72       30.6       102.3
+96       30.6       113.3
+120      31.4       124.8
+144      32.2       136.2
:> 07D.FREDDIE
+12       19.9       135.3
+24       23.3       137.8
+36       27.4       138.2
+48       31.3       136.5
+72       36.7       128.7
+96       41.5       118.9
+120      45.0       108.7
+144      48.3       98.4
:> END
