01D.ONE-D
Date  	TS    	HU    	Wind    Press 	 Lat  	 Long
06/06   10      LO      25      1014    18.7    168.3     1
06/12   10      LO      25      1013    19.7    167.9     2
06/18   10      LO      30      1012    20.7    167.5     3
07/00   30      LO      30      1011    21.4    166.8     4
07/06   30      LO      30      1012    21.9    165.9     5
07/12   75      LO      30      1011    22.1    165.4     6
07/18   90      00      35      1010    23.5    164.1     7
+12     00      00      35      1009    24.5    162.7    
+24     00      00      40      1007    25.5    161.0
+36     00      00      45      1005    26.7    160.5
+48     00      00      50      1004    27.9    160.2
+72     00      00      40      1008    30.4    160.5
+120    00      EX      30      1012    32.5    162.7    
