02D.BONNIE
Date  	TS    	HU    	Wind    Press 	 Lat  	 Long
11/12   40      LO      30      1016    8.3     112.7     1
11/18   90      LO      35      1014    8.9     113.5     2
12/00   99      00      40      1012    9.5     114.3     3
12/06   99      00      40      1011    10.2    115.3     4
12/12   51      00      35      1013    10.3    116.1     5
12/18   11      00      25      1016    10.5    117.4     6
13/00   13      00      30      1016    12.6    118.6     7
13/06   00      EX      30      1016    15.5    119.8     8
