03D.THREE-D
Date  	TS    	HU    	Wind    Press 	  Lat  	  Long
13/12   20      LO      15      1012      21.9    156.6     1
13/18   20      LO      15      1011      22.5    155.9     2
14/00   30      LO      15      1010      23.1    155.3     3
14/06   30      LO      15      1009      23.7    154.8     4
14/12   30      LO      15      1010      24.3    154.4     5
14/18   30      LO      15      1008      24.8    154.2     6
15/00   40      LO      15      1006      25.2    154.0     7
15/06   40      LO      15      1005      25.4    153.8     8
15/12   40      LO      15      1004      26.0    153.6     9
15/18   50      LO      15      1002      26.7    153.4     10
16/00   50      LO      15      1002      27.4    153.3     11
16/06   60      LO      15      1001      28.1    153.3     12
16/12   70      LO      15      999       28.7    153.3     13
16/18   80      LO      25      997       29.3    153.4     14
17/00   90      00      30      994       29.7    153.4     15
+12     X       X       35      991       30.6    153.5     
+24     X       X       40      988       31.5    153.7 
+36     X       X       45      985       32.4    154.0 
+48     X       X       50      982       33.8    155.8
+72     X       X       50      983       35.1    157.5
+96     X       BE      35      985       36.9    160.0
+120    X       EX      40      990       38.2    163.0
