03G.ELIAS
Date  	TS    	HU    	Wind    Press 	  Lat  	  Long
05/12   20      LO      15      1012      17.2    -78.0     1
05/18   30      LO      15      1011      17.6    -78.3     2
06/00   30      LO      15      1011      18.0    -78.3     3
06/06   50      LO      25      1009      18.5    -78.0     4
06/12   80      LO      30      1007      18.8    -77.1     5
06/16   99      05      35      1005      19.1    -76.4     6
07/00   99      13      40      1003      19.2    -75.7     7
07/06   99      24      45      1001      19.5    -75.1     8
07/12   99      34      50      999       20.1    -74.5     9
