04D.FOUR-D
Date  	TS    	HU    	Wind    Press 	  Lat  	  Long
18/00   30      LO      15      1006      20.4    154.2     1
18/06   30      LO      15      1006      20.4    153.8     2
18/12   40      LO      15      1004      20.4    153.4     3
18/18   50      LO      15      1002      20.5    153.6     4
19/00   50      LO      15      1001      20.7    153.8     5
19/06   70      LO      25      999       20.8    153.9     6
19/12   80      00      30      997       21.1    154.0     7
19/18   90      05      40      994       21.8    154.3     8
20/00   99      10      45      992       22.4    154.5     9
20/06   99      15      50      988       23.0    154.5     10
+12     X       X       40      991       23.7    156.0
+24     X       X       50      985       25.0    157.2
+36     X       X       70      977       26.4    158.7
+48     X       X       80      974       27.8    160.2
+60     X       X       90      966       29.2    162.1
+84     X       X       60      980       32.0    164.4
+108    X       EX      40      986       34.9    169.8
