04H.DINORAH
Date  	TS    	HU    	Wind    Press 	  Lat  	  Long
22/00   30      LO      30      1010      15.2    -57.3     1
22/06   80      LO      35      1008      15.1    -58.3     2
22/12   99      04      35      1006      15.0    -59.2     3
22/18   99      12      40      1004      14.8    -60.1     4
23/00   99      13      45      1004      14.6    -60.9     5
23/06   99      14      45      1003      14.2    -61.7     6
23/12   99      21      50      1001      13.4    -62.3     7
23/18   99      25      50      1000      12.5    -62.6     8
