07D.GREG
Date  	TS    	HU    	Wind    Press 	 Lat  	 Long
17/00   20      LO      30      1011     20.3    173.3     1
17/12   50      LO      30      1009     20.4    172.7     2
18/00   65      LO      35      1008     20.5    172.5     3
18/12   80      LO      40      1005     20.6    172.4     4
19/00   90      LO      40      1003     20.6    172.2     5
19/12   90      LO      40      1004     20.7    171.9     6
19/18   99      05      45      1003     20.7    171.7     6A
20/00   99      20      50      998      20.7    171.4     7 
20/06   99      30      50      997      20.8    171.3     7A
20/12   99      40      60      995      20.8    171.1     8
20/18   99      45      65      992      21.0    171.1     8A
+6      X       X       65      990      21.2    170.9     
+18     X       X       65      988      21.5    170.6   
+30     X       X       70      986      21.9    170.4     
+42     X       X       75      983      22.4    170.2 
+54     X       X       50      990      23.8    170.3      
+66     X       X       40      994      24.8    171.1
+78     X       BE      35      999      25.9    171.9   
+102    X       EX      30      1001     28.3    173.6
